-10.000000
-9.797980
-9.595960
-9.393939
-9.191919
-8.989899
-8.787879
-8.585859
-8.383838
-8.181818
-7.979798
-7.777778
-7.575758
-7.373737
-7.171717
-6.969697
-6.767677
-6.565657
-6.363636
-6.161616
-5.959596
-5.757576
-5.555556
-5.353535
-5.151515
-4.949495
-4.747475
-4.545455
-4.343434
-4.141414
-3.939394
-3.737374
-3.535354
-3.333333
-3.131313
-2.929293
-2.727273
-2.525253
-2.323232
-2.121212
-1.919192
-1.717172
-1.515152
-1.313131
-1.111111
-0.909091
-0.707071
-0.505051
-0.303030
-0.101010
0.101010
0.303030
0.505051
0.707071
0.909091
1.111111
1.313131
1.515152
1.717172
1.919192
2.121212
2.323232
2.525253
2.727273
2.929293
3.131313
3.333333
3.535354
3.737374
3.939394
4.141414
4.343434
4.545455
4.747475
4.949495
5.151515
5.353535
5.555556
5.757576
5.959596
6.161616
6.363636
6.565657
6.767677
6.969697
7.171717
7.373737
7.575758
7.777778
7.979798
8.181818
8.383838
8.585859
8.787879
8.989899
9.191919
9.393939
9.595960
9.797980
10.000000
