
-43.641016
-42.941197
-42.241379
-41.541560
-40.841742
-40.141923
-39.442105
-38.742286
-38.042468
-37.342649
-36.642831
-35.943012
-35.243194
-34.543375
-33.843557
-33.143738
-32.443920
-31.744101
-31.044283
-30.344464
-29.644646
-28.944827
-28.245009
-27.545190
-26.845372
-26.145553
-25.445735
-24.745916
-24.046098
-23.346279
-22.646461
-21.946642
-21.246824
-20.547005
-19.847187
-19.147368
-18.447550
-17.747731
-17.047913
-16.348094
-15.648276
-14.948457
-14.248639
-13.548820
-12.849002
-12.149183
-11.449365
-10.749546
-10.049728
-9.349909
-8.650091
-7.950272
-7.250454
-6.550635
-5.850817
-5.150998
-4.451180
-3.751361
-3.051543
-2.351724
-1.651906
-0.952087
-0.252269
0.447550
1.147368
1.847187
2.547005
3.246824
3.946642
4.646461
5.346279
6.046098
6.745916
7.445735
8.145553
8.845372
9.545191
10.245009
10.944828
11.644646
12.344465
13.044283
13.744102
14.443920
15.143739
15.843557
16.543376
17.243194
17.943013
18.642831
19.342650
20.042468
20.742287
21.442105
22.141924
22.841742
23.541561
24.241379
24.941198
25.641016
