
13.386751
13.328433
13.270115
13.211797
13.153479
13.095160
13.036842
12.978524
12.920206
12.861887
12.803569
12.745251
12.686933
12.628615
12.570296
12.511978
12.453660
12.395342
12.337024
12.278705
12.220387
12.162069
12.103751
12.045433
11.987114
11.928796
11.870478
11.812160
11.753841
11.695523
11.637205
11.578887
11.520569
11.462250
11.403932
11.345614
11.287296
11.228978
11.170659
11.112341
11.054023
10.995705
10.937387
10.879068
10.820750
10.762432
10.704114
10.645796
10.587477
10.529159
10.470841
10.412523
10.354204
10.295886
10.237568
10.179250
10.120932
10.062613
10.004295
9.945977
9.887659
9.829341
9.771022
9.712704
9.654386
9.596068
9.537750
9.479431
9.421113
9.362795
9.304477
9.246159
9.187840
9.129522
9.071204
9.012886
8.954567
8.896249
8.837931
8.779613
8.721295
8.662976
8.604658
8.546340
8.488022
8.429704
8.371385
8.313067
8.254749
8.196431
8.138113
8.079794
8.021476
7.963158
7.904840
7.846521
7.788203
7.729885
7.671567
7.613249
